// simple snowman
ellipse(200, 300, 150, 150);
ellipse(200, 200, 100, 100);
ellipse(200, 120, 75, 75);

// hat
fill(41, 41, 41);
rect(181,16,35,70);
rect(164,72,70,23);
fill(120, 4, 4);
rect(179,62,40,10);
fill(176, 159, 9);
rect(192,61,12,11);
fill(120, 4, 4);
rect(195,64,6,6);

// face
fill(41, 41, 41);
ellipse(186, 110, 10, 10);
ellipse(213, 110, 10, 10);
ellipse(186, 139, 10, 10);
ellipse(200, 145, 10, 10);
ellipse(214, 139, 10, 10);
fill(255, 228, 74);
triangle(233, 123, 199, 122, 199, 131);

// buttons
fill(31, 31, 31);
ellipse(200, 175, 10, 10);
ellipse(200, 197, 10, 10);
ellipse(200, 218, 10, 10);

// arms
line(151, 192, 71, 231);
line(250, 192, 342, 231);
